(kicad_pcb (version 20171130) (host pcbnew "(5.0.0)")

  (general
    (thickness 1.6)
    (drawings 15)
    (tracks 19)
    (zones 0)
    (modules 16)
    (nets 13)
  )

  (page A4)
  (layers
    (0 F.Cu signal)
    (31 B.Cu signal)
    (32 B.Adhes user)
    (33 F.Adhes user)
    (34 B.Paste user)
    (35 F.Paste user)
    (36 B.SilkS user)
    (37 F.SilkS user)
    (38 B.Mask user)
    (39 F.Mask user)
    (40 Dwgs.User user)
    (41 Cmts.User user)
    (42 Eco1.User user)
    (43 Eco2.User user)
    (44 Edge.Cuts user)
    (45 Margin user)
    (46 B.CrtYd user)
    (47 F.CrtYd user)
    (48 B.Fab user)
    (49 F.Fab user)
  )

  (setup
    (last_trace_width 0.508)
    (trace_clearance 0.508)
    (zone_clearance 0.508)
    (zone_45_only no)
    (trace_min 0.2)
    (segment_width 0.2)
    (edge_width 0.15)
    (via_size 0.8)
    (via_drill 0.4)
    (via_min_size 0.4)
    (via_min_drill 0.3)
    (uvia_size 0.3)
    (uvia_drill 0.1)
    (uvias_allowed no)
    (uvia_min_size 0.2)
    (uvia_min_drill 0.1)
    (pcb_text_width 0.3)
    (pcb_text_size 1.5 1.5)
    (mod_edge_width 0.15)
    (mod_text_size 1 1)
    (mod_text_width 0.15)
    (pad_size 1.524 1.524)
    (pad_drill 0.762)
    (pad_to_mask_clearance 0.051)
    (solder_mask_min_width 0.25)
    (aux_axis_origin 0 0)
    (grid_origin 129.54 81.445)
    (visible_elements 7FFFFFFF)
    (pcbplotparams
      (layerselection 0x010fc_ffffffff)
      (usegerberextensions false)
      (usegerberattributes false)
      (usegerberadvancedattributes false)
      (creategerberjobfile false)
      (excludeedgelayer true)
      (linewidth 0.100000)
      (plotframeref false)
      (viasonmask false)
      (mode 1)
      (useauxorigin false)
      (hpglpennumber 1)
      (hpglpenspeed 20)
      (hpglpendiameter 15.000000)
      (psnegative false)
      (psa4output false)
      (plotreference true)
      (plotvalue true)
      (plotinvisibletext false)
      (padsonsilk false)
      (subtractmaskfromsilk false)
      (outputformat 1)
      (mirror false)
      (drillshape 0)
      (scaleselection 1)
      (outputdirectory "gerbers/"))
  )

  (net 0 "")
  (net 1 "Net-(D1-Pad1)")
  (net 2 "Net-(D1-Pad2)")
  (net 3 "Net-(J1-Pad1)")
  (net 4 "Net-(R1-Pad1)")
  (net 5 "Net-(R2-Pad1)")
  (net 6 "Net-(R3-Pad1)")
  (net 7 "Net-(R4-Pad1)")
  (net 8 "Net-(R5-Pad1)")
  (net 9 "Net-(R6-Pad1)")
  (net 10 "Net-(R7-Pad1)")
  (net 11 "Net-(R10-Pad2)")
  (net 12 "Net-(J2-Pad1)")

  (net_class Default "This is the default net class."
    (clearance 0.508)
    (trace_width 0.508)
    (via_dia 0.8)
    (via_drill 0.4)
    (uvia_dia 0.3)
    (uvia_drill 0.1)
    (add_net "Net-(D1-Pad1)")
    (add_net "Net-(D1-Pad2)")
    (add_net "Net-(J1-Pad1)")
    (add_net "Net-(J2-Pad1)")
    (add_net "Net-(R1-Pad1)")
    (add_net "Net-(R10-Pad2)")
    (add_net "Net-(R2-Pad1)")
    (add_net "Net-(R3-Pad1)")
    (add_net "Net-(R4-Pad1)")
    (add_net "Net-(R5-Pad1)")
    (add_net "Net-(R6-Pad1)")
    (add_net "Net-(R7-Pad1)")
  )

  (module AERO_Logos:AERO_Logo_15x6mm (layer F.Cu) (tedit 0) (tstamp 5C8E54BC)
    (at 101.6 81.445)
    (fp_text reference G*** (at 0 0) (layer F.SilkS) hide
      (effects (font (size 1.524 1.524) (thickness 0.3)))
    )
    (fp_text value LOGO (at 0.75 0) (layer F.SilkS) hide
      (effects (font (size 1.524 1.524) (thickness 0.3)))
    )
    (fp_poly (pts (xy 0.892149 -2.064187) (xy 0.53294 -1.084573) (xy 1.076576 -1.084573) (xy 1.281642 -1.084154)
      (xy 1.425832 -1.082139) (xy 1.518241 -1.077389) (xy 1.567965 -1.068766) (xy 1.5841 -1.055131)
      (xy 1.575739 -1.035346) (xy 1.565711 -1.023347) (xy 1.537708 -0.986527) (xy 1.472995 -0.898463)
      (xy 1.375622 -0.764785) (xy 1.24964 -0.591123) (xy 1.0991 -0.383107) (xy 0.928052 -0.146367)
      (xy 0.740547 0.113466) (xy 0.540636 0.390763) (xy 0.33237 0.679893) (xy 0.1198 0.975227)
      (xy -0.093025 1.271134) (xy -0.302053 1.561985) (xy -0.503233 1.842148) (xy -0.692515 2.105995)
      (xy -0.865847 2.347895) (xy -1.019181 2.562217) (xy -1.148463 2.743333) (xy -1.249645 2.885611)
      (xy -1.318674 2.983422) (xy -1.351501 3.031136) (xy -1.35222 3.032265) (xy -1.349457 3.013674)
      (xy -1.325691 2.935209) (xy -1.282989 2.803056) (xy -1.223417 2.623402) (xy -1.149041 2.402431)
      (xy -1.061928 2.146332) (xy -0.964145 1.861288) (xy -0.871159 1.592142) (xy -0.764276 1.283551)
      (xy -0.664769 0.995885) (xy -0.574915 0.735757) (xy -0.496994 0.509778) (xy -0.433282 0.32456)
      (xy -0.386058 0.186716) (xy -0.357599 0.102858) (xy -0.349862 0.078987) (xy -0.382823 0.075836)
      (xy -0.473606 0.073166) (xy -0.610059 0.071186) (xy -0.780034 0.070108) (xy -0.869786 0.069973)
      (xy -1.389709 0.069973) (xy -0.998949 -0.81343) (xy -0.875406 -1.092997) (xy -0.742067 -1.395195)
      (xy -0.60729 -1.701053) (xy -0.479431 -1.9916) (xy -0.366846 -2.247865) (xy -0.313152 -2.370317)
      (xy -0.018117 -3.043801) (xy 1.251357 -3.043801) (xy 0.892149 -2.064187)) (layer F.SilkS) (width 0.01))
    (fp_poly (pts (xy -5.221339 -2.265012) (xy -4.618182 -1.661116) (xy -4.618182 1.659646) (xy -4.435198 1.844931)
      (xy -4.252214 2.030217) (xy -4.654241 2.432243) (xy -5.056267 2.83427) (xy -5.457346 2.43205)
      (xy -5.858424 2.02983) (xy -5.492838 1.659646) (xy -5.492838 0.944628) (xy -6.262535 0.944628)
      (xy -6.262535 1.659646) (xy -6.079551 1.844931) (xy -5.896567 2.030217) (xy -6.70062 2.83427)
      (xy -7.502776 2.02983) (xy -7.319984 1.844738) (xy -7.13719 1.659646) (xy -7.13719 0.034986)
      (xy -6.262535 0.034986) (xy -5.492838 0.034986) (xy -5.492838 -1.10401) (xy -5.875913 -1.50538)
      (xy -6.258989 -1.906749) (xy -6.260762 -0.935881) (xy -6.262535 0.034986) (xy -7.13719 0.034986)
      (xy -7.13719 -1.557578) (xy -6.480843 -2.213243) (xy -5.824495 -2.868909) (xy -5.221339 -2.265012)) (layer F.SilkS) (width 0.01))
    (fp_poly (pts (xy -2.126864 -2.214321) (xy -1.487961 -1.574717) (xy -1.819235 -1.24206) (xy -2.150508 -0.909403)
      (xy -2.632141 -1.390114) (xy -3.113774 -1.870826) (xy -3.113774 -0.416909) (xy -2.449463 -0.427118)
      (xy -1.785151 -0.437328) (xy -2.212781 -0.008746) (xy -2.64041 0.419835) (xy -3.113774 0.419835)
      (xy -3.113774 1.430874) (xy -2.989067 1.525994) (xy -2.864359 1.621113) (xy -2.507589 1.265558)
      (xy -2.15082 0.910002) (xy -1.835197 1.225625) (xy -1.519575 1.541248) (xy -2.169155 2.187566)
      (xy -2.34366 2.360587) (xy -2.501708 2.516125) (xy -2.636615 2.647697) (xy -2.741696 2.748821)
      (xy -2.810268 2.813012) (xy -2.835454 2.833884) (xy -2.863865 2.810205) (xy -2.934415 2.7438)
      (xy -3.039961 2.641616) (xy -3.173361 2.510602) (xy -3.327474 2.357704) (xy -3.420301 2.264972)
      (xy -3.98843 1.69606) (xy -3.98843 -1.624396) (xy -3.377098 -2.23916) (xy -2.765766 -2.853925)
      (xy -2.126864 -2.214321)) (layer F.SilkS) (width 0.01))
    (fp_poly (pts (xy 4.085094 -2.369879) (xy 4.583195 -1.870887) (xy 4.583195 -0.963505) (xy 3.972357 -0.349823)
      (xy 4.295269 -0.025563) (xy 4.618182 0.298698) (xy 4.618182 1.659646) (xy 4.801166 1.844931)
      (xy 4.984149 2.030217) (xy 4.180096 2.83427) (xy 3.395312 2.046694) (xy 3.567904 1.85427)
      (xy 3.740497 1.661846) (xy 3.742011 1.206428) (xy 3.743526 0.751011) (xy 3.358678 0.367356)
      (xy 2.973829 -0.0163) (xy 2.973829 1.699463) (xy 3.149146 1.872144) (xy 3.324464 2.044825)
      (xy 2.931053 2.439355) (xy 2.796179 2.57326) (xy 2.678343 2.687693) (xy 2.586396 2.774262)
      (xy 2.529184 2.824577) (xy 2.515023 2.833884) (xy 2.484378 2.809858) (xy 2.414426 2.743504)
      (xy 2.313856 2.643412) (xy 2.191358 2.518171) (xy 2.10951 2.433024) (xy 1.726618 2.032164)
      (xy 1.912896 1.8482) (xy 2.099173 1.664236) (xy 2.099173 -0.472657) (xy 2.903857 -0.472657)
      (xy 3.349759 -0.91856) (xy 3.795662 -1.364463) (xy 2.903857 -2.256268) (xy 2.903857 -0.472657)
      (xy 2.099173 -0.472657) (xy 2.099173 -1.764775) (xy 1.898879 -1.967182) (xy 1.698585 -2.169588)
      (xy 2.046914 -2.519229) (xy 2.395244 -2.86887) (xy 3.586993 -2.86887) (xy 4.085094 -2.369879)) (layer F.SilkS) (width 0.01))
    (fp_poly (pts (xy 6.892292 -2.256606) (xy 7.522038 -1.627588) (xy 7.522038 1.522592) (xy 6.209332 2.833934)
      (xy 5.038016 1.661096) (xy 5.038016 1.378625) (xy 5.912672 1.378625) (xy 6.024987 1.494504)
      (xy 6.137301 1.610384) (xy 6.374849 1.374656) (xy 6.612397 1.138929) (xy 6.612397 -1.208337)
      (xy 6.262534 -1.556887) (xy 5.912672 -1.905436) (xy 5.912672 1.378625) (xy 5.038016 1.378625)
      (xy 5.038016 -1.662595) (xy 5.650281 -2.27411) (xy 6.262545 -2.885624) (xy 6.892292 -2.256606)) (layer F.SilkS) (width 0.01))
  )

  (module "CustomFootprints:LPA-C011301S-x LED 0805 LIGHT PIPE SINGLE VERT SMD" (layer F.Cu) (tedit 5C808F1C) (tstamp 5C8E4569)
    (at 129.54 81.695 270)
    (path /5C6F3EF9)
    (fp_text reference D1 (at 0 4.064) (layer F.SilkS)
      (effects (font (size 1 1) (thickness 0.15)))
    )
    (fp_text value RED_LED (at 0 -0.5 270) (layer F.Fab)
      (effects (font (size 1 1) (thickness 0.15)))
    )
    (fp_line (start 0.25 0.5) (end -0.25 0) (layer F.SilkS) (width 0.1))
    (fp_line (start 0.25 -0.5) (end 0.25 0.5) (layer F.SilkS) (width 0.1))
    (fp_line (start -0.25 0) (end 0.25 -0.5) (layer F.SilkS) (width 0.1))
    (fp_line (start -0.25 -0.5) (end -0.25 0.5) (layer F.SilkS) (width 0.1))
    (fp_line (start -2 1.25) (end -2 -1.25) (layer F.SilkS) (width 0.18))
    (fp_line (start 2 1.25) (end -2 1.25) (layer F.SilkS) (width 0.18))
    (fp_line (start 2 -1.25) (end 2 1.25) (layer F.SilkS) (width 0.18))
    (fp_line (start -2 -1.25) (end 2 -1.25) (layer F.SilkS) (width 0.18))
    (fp_line (start -2.54 2.54) (end -2.54 -2.54) (layer F.SilkS) (width 0.18))
    (fp_line (start 2.54 2.54) (end -2.54 2.54) (layer F.SilkS) (width 0.18))
    (fp_line (start 2.54 -2.54) (end 2.54 2.54) (layer F.SilkS) (width 0.18))
    (fp_line (start -2.54 -2.54) (end 2.54 -2.54) (layer F.SilkS) (width 0.18))
    (pad "" np_thru_hole circle (at 1.89 1.89 270) (size 1 1) (drill 1) (layers *.Cu *.Mask))
    (pad "" np_thru_hole circle (at -1.89 -1.89 270) (size 1 1) (drill 1) (layers *.Cu *.Mask))
    (pad 2 smd rect (at 1.05 0 270) (size 1.2 1.2) (layers F.Cu F.Paste F.Mask)
      (net 2 "Net-(D1-Pad2)"))
    (pad 1 smd rect (at -1.05 0 270) (size 1.2 1.2) (layers F.Cu F.Paste F.Mask)
      (net 1 "Net-(D1-Pad1)"))
  )

  (module Resistor_SMD:R_0805_2012Metric (layer F.Cu) (tedit 5B36C52B) (tstamp 5C7CBB93)
    (at 114.3 88.265 180)
    (descr "Resistor SMD 0805 (2012 Metric), square (rectangular) end terminal, IPC_7351 nominal, (Body size source: https://docs.google.com/spreadsheets/d/1BsfQQcO9C6DZCsRaXUlFlo91Tg2WpOkGARC1WS5S8t0/edit?usp=sharing), generated with kicad-footprint-generator")
    (tags resistor)
    (path /5C6F356F)
    (attr smd)
    (fp_text reference R1 (at 0 -1.65 180) (layer F.SilkS)
      (effects (font (size 1 1) (thickness 0.15)))
    )
    (fp_text value 1k (at 0 1.65 180) (layer F.Fab)
      (effects (font (size 1 1) (thickness 0.15)))
    )
    (fp_line (start -1 0.6) (end -1 -0.6) (layer F.Fab) (width 0.1))
    (fp_line (start -1 -0.6) (end 1 -0.6) (layer F.Fab) (width 0.1))
    (fp_line (start 1 -0.6) (end 1 0.6) (layer F.Fab) (width 0.1))
    (fp_line (start 1 0.6) (end -1 0.6) (layer F.Fab) (width 0.1))
    (fp_line (start -0.258578 -0.71) (end 0.258578 -0.71) (layer F.SilkS) (width 0.12))
    (fp_line (start -0.258578 0.71) (end 0.258578 0.71) (layer F.SilkS) (width 0.12))
    (fp_line (start -1.68 0.95) (end -1.68 -0.95) (layer F.CrtYd) (width 0.05))
    (fp_line (start -1.68 -0.95) (end 1.68 -0.95) (layer F.CrtYd) (width 0.05))
    (fp_line (start 1.68 -0.95) (end 1.68 0.95) (layer F.CrtYd) (width 0.05))
    (fp_line (start 1.68 0.95) (end -1.68 0.95) (layer F.CrtYd) (width 0.05))
    (fp_text user %R (at 0 0 180) (layer F.Fab)
      (effects (font (size 0.5 0.5) (thickness 0.08)))
    )
    (pad 1 smd roundrect (at -0.9375 0 180) (size 0.975 1.4) (layers F.Cu F.Paste F.Mask) (roundrect_rratio 0.25)
      (net 4 "Net-(R1-Pad1)"))
    (pad 2 smd roundrect (at 0.9375 0 180) (size 0.975 1.4) (layers F.Cu F.Paste F.Mask) (roundrect_rratio 0.25)
      (net 3 "Net-(J1-Pad1)"))
    (model ${KISYS3DMOD}/Resistor_SMD.3dshapes/R_0805_2012Metric.wrl
      (at (xyz 0 0 0))
      (scale (xyz 1 1 1))
      (rotate (xyz 0 0 0))
    )
  )

  (module Resistor_SMD:R_0805_2012Metric (layer F.Cu) (tedit 5B36C52B) (tstamp 5C8E471B)
    (at 114.3 75.565 180)
    (descr "Resistor SMD 0805 (2012 Metric), square (rectangular) end terminal, IPC_7351 nominal, (Body size source: https://docs.google.com/spreadsheets/d/1BsfQQcO9C6DZCsRaXUlFlo91Tg2WpOkGARC1WS5S8t0/edit?usp=sharing), generated with kicad-footprint-generator")
    (tags resistor)
    (path /5C6F3C4D)
    (attr smd)
    (fp_text reference R2 (at 0 -1.65 180) (layer F.SilkS)
      (effects (font (size 1 1) (thickness 0.15)))
    )
    (fp_text value 1k (at 0 1.65 180) (layer F.Fab)
      (effects (font (size 1 1) (thickness 0.15)))
    )
    (fp_text user %R (at 0 0 180) (layer F.Fab)
      (effects (font (size 0.5 0.5) (thickness 0.08)))
    )
    (fp_line (start 1.68 0.95) (end -1.68 0.95) (layer F.CrtYd) (width 0.05))
    (fp_line (start 1.68 -0.95) (end 1.68 0.95) (layer F.CrtYd) (width 0.05))
    (fp_line (start -1.68 -0.95) (end 1.68 -0.95) (layer F.CrtYd) (width 0.05))
    (fp_line (start -1.68 0.95) (end -1.68 -0.95) (layer F.CrtYd) (width 0.05))
    (fp_line (start -0.258578 0.71) (end 0.258578 0.71) (layer F.SilkS) (width 0.12))
    (fp_line (start -0.258578 -0.71) (end 0.258578 -0.71) (layer F.SilkS) (width 0.12))
    (fp_line (start 1 0.6) (end -1 0.6) (layer F.Fab) (width 0.1))
    (fp_line (start 1 -0.6) (end 1 0.6) (layer F.Fab) (width 0.1))
    (fp_line (start -1 -0.6) (end 1 -0.6) (layer F.Fab) (width 0.1))
    (fp_line (start -1 0.6) (end -1 -0.6) (layer F.Fab) (width 0.1))
    (pad 2 smd roundrect (at 0.9375 0 180) (size 0.975 1.4) (layers F.Cu F.Paste F.Mask) (roundrect_rratio 0.25)
      (net 12 "Net-(J2-Pad1)"))
    (pad 1 smd roundrect (at -0.9375 0 180) (size 0.975 1.4) (layers F.Cu F.Paste F.Mask) (roundrect_rratio 0.25)
      (net 5 "Net-(R2-Pad1)"))
    (model ${KISYS3DMOD}/Resistor_SMD.3dshapes/R_0805_2012Metric.wrl
      (at (xyz 0 0 0))
      (scale (xyz 1 1 1))
      (rotate (xyz 0 0 0))
    )
  )

  (module Resistor_SMD:R_0805_2012Metric (layer F.Cu) (tedit 5B36C52B) (tstamp 5C7CB88D)
    (at 118.11 88.265 180)
    (descr "Resistor SMD 0805 (2012 Metric), square (rectangular) end terminal, IPC_7351 nominal, (Body size source: https://docs.google.com/spreadsheets/d/1BsfQQcO9C6DZCsRaXUlFlo91Tg2WpOkGARC1WS5S8t0/edit?usp=sharing), generated with kicad-footprint-generator")
    (tags resistor)
    (path /5C6F39CA)
    (attr smd)
    (fp_text reference R3 (at 0 -1.65 180) (layer F.SilkS)
      (effects (font (size 1 1) (thickness 0.15)))
    )
    (fp_text value 1k (at 0 1.65 180) (layer F.Fab)
      (effects (font (size 1 1) (thickness 0.15)))
    )
    (fp_text user %R (at 0 0 180) (layer F.Fab)
      (effects (font (size 0.5 0.5) (thickness 0.08)))
    )
    (fp_line (start 1.68 0.95) (end -1.68 0.95) (layer F.CrtYd) (width 0.05))
    (fp_line (start 1.68 -0.95) (end 1.68 0.95) (layer F.CrtYd) (width 0.05))
    (fp_line (start -1.68 -0.95) (end 1.68 -0.95) (layer F.CrtYd) (width 0.05))
    (fp_line (start -1.68 0.95) (end -1.68 -0.95) (layer F.CrtYd) (width 0.05))
    (fp_line (start -0.258578 0.71) (end 0.258578 0.71) (layer F.SilkS) (width 0.12))
    (fp_line (start -0.258578 -0.71) (end 0.258578 -0.71) (layer F.SilkS) (width 0.12))
    (fp_line (start 1 0.6) (end -1 0.6) (layer F.Fab) (width 0.1))
    (fp_line (start 1 -0.6) (end 1 0.6) (layer F.Fab) (width 0.1))
    (fp_line (start -1 -0.6) (end 1 -0.6) (layer F.Fab) (width 0.1))
    (fp_line (start -1 0.6) (end -1 -0.6) (layer F.Fab) (width 0.1))
    (pad 2 smd roundrect (at 0.9375 0 180) (size 0.975 1.4) (layers F.Cu F.Paste F.Mask) (roundrect_rratio 0.25)
      (net 4 "Net-(R1-Pad1)"))
    (pad 1 smd roundrect (at -0.9375 0 180) (size 0.975 1.4) (layers F.Cu F.Paste F.Mask) (roundrect_rratio 0.25)
      (net 6 "Net-(R3-Pad1)"))
    (model ${KISYS3DMOD}/Resistor_SMD.3dshapes/R_0805_2012Metric.wrl
      (at (xyz 0 0 0))
      (scale (xyz 1 1 1))
      (rotate (xyz 0 0 0))
    )
  )

  (module Resistor_SMD:R_0805_2012Metric (layer F.Cu) (tedit 5B36C52B) (tstamp 5C7CB89E)
    (at 118.11 75.565 180)
    (descr "Resistor SMD 0805 (2012 Metric), square (rectangular) end terminal, IPC_7351 nominal, (Body size source: https://docs.google.com/spreadsheets/d/1BsfQQcO9C6DZCsRaXUlFlo91Tg2WpOkGARC1WS5S8t0/edit?usp=sharing), generated with kicad-footprint-generator")
    (tags resistor)
    (path /5C6F3C54)
    (attr smd)
    (fp_text reference R4 (at 0 -1.65 180) (layer F.SilkS)
      (effects (font (size 1 1) (thickness 0.15)))
    )
    (fp_text value 1k (at 0 1.65 180) (layer F.Fab)
      (effects (font (size 1 1) (thickness 0.15)))
    )
    (fp_line (start -1 0.6) (end -1 -0.6) (layer F.Fab) (width 0.1))
    (fp_line (start -1 -0.6) (end 1 -0.6) (layer F.Fab) (width 0.1))
    (fp_line (start 1 -0.6) (end 1 0.6) (layer F.Fab) (width 0.1))
    (fp_line (start 1 0.6) (end -1 0.6) (layer F.Fab) (width 0.1))
    (fp_line (start -0.258578 -0.71) (end 0.258578 -0.71) (layer F.SilkS) (width 0.12))
    (fp_line (start -0.258578 0.71) (end 0.258578 0.71) (layer F.SilkS) (width 0.12))
    (fp_line (start -1.68 0.95) (end -1.68 -0.95) (layer F.CrtYd) (width 0.05))
    (fp_line (start -1.68 -0.95) (end 1.68 -0.95) (layer F.CrtYd) (width 0.05))
    (fp_line (start 1.68 -0.95) (end 1.68 0.95) (layer F.CrtYd) (width 0.05))
    (fp_line (start 1.68 0.95) (end -1.68 0.95) (layer F.CrtYd) (width 0.05))
    (fp_text user %R (at 0 0 180) (layer F.Fab)
      (effects (font (size 0.5 0.5) (thickness 0.08)))
    )
    (pad 1 smd roundrect (at -0.9375 0 180) (size 0.975 1.4) (layers F.Cu F.Paste F.Mask) (roundrect_rratio 0.25)
      (net 7 "Net-(R4-Pad1)"))
    (pad 2 smd roundrect (at 0.9375 0 180) (size 0.975 1.4) (layers F.Cu F.Paste F.Mask) (roundrect_rratio 0.25)
      (net 5 "Net-(R2-Pad1)"))
    (model ${KISYS3DMOD}/Resistor_SMD.3dshapes/R_0805_2012Metric.wrl
      (at (xyz 0 0 0))
      (scale (xyz 1 1 1))
      (rotate (xyz 0 0 0))
    )
  )

  (module Resistor_SMD:R_0805_2012Metric (layer F.Cu) (tedit 5B36C52B) (tstamp 5C7CBC05)
    (at 121.92 88.265 180)
    (descr "Resistor SMD 0805 (2012 Metric), square (rectangular) end terminal, IPC_7351 nominal, (Body size source: https://docs.google.com/spreadsheets/d/1BsfQQcO9C6DZCsRaXUlFlo91Tg2WpOkGARC1WS5S8t0/edit?usp=sharing), generated with kicad-footprint-generator")
    (tags resistor)
    (path /5C6F39F0)
    (attr smd)
    (fp_text reference R5 (at 0 -1.65 180) (layer F.SilkS)
      (effects (font (size 1 1) (thickness 0.15)))
    )
    (fp_text value 1k (at 0 1.65 180) (layer F.Fab)
      (effects (font (size 1 1) (thickness 0.15)))
    )
    (fp_line (start -1 0.6) (end -1 -0.6) (layer F.Fab) (width 0.1))
    (fp_line (start -1 -0.6) (end 1 -0.6) (layer F.Fab) (width 0.1))
    (fp_line (start 1 -0.6) (end 1 0.6) (layer F.Fab) (width 0.1))
    (fp_line (start 1 0.6) (end -1 0.6) (layer F.Fab) (width 0.1))
    (fp_line (start -0.258578 -0.71) (end 0.258578 -0.71) (layer F.SilkS) (width 0.12))
    (fp_line (start -0.258578 0.71) (end 0.258578 0.71) (layer F.SilkS) (width 0.12))
    (fp_line (start -1.68 0.95) (end -1.68 -0.95) (layer F.CrtYd) (width 0.05))
    (fp_line (start -1.68 -0.95) (end 1.68 -0.95) (layer F.CrtYd) (width 0.05))
    (fp_line (start 1.68 -0.95) (end 1.68 0.95) (layer F.CrtYd) (width 0.05))
    (fp_line (start 1.68 0.95) (end -1.68 0.95) (layer F.CrtYd) (width 0.05))
    (fp_text user %R (at 0 0 180) (layer F.Fab)
      (effects (font (size 0.5 0.5) (thickness 0.08)))
    )
    (pad 1 smd roundrect (at -0.9375 0 180) (size 0.975 1.4) (layers F.Cu F.Paste F.Mask) (roundrect_rratio 0.25)
      (net 8 "Net-(R5-Pad1)"))
    (pad 2 smd roundrect (at 0.9375 0 180) (size 0.975 1.4) (layers F.Cu F.Paste F.Mask) (roundrect_rratio 0.25)
      (net 6 "Net-(R3-Pad1)"))
    (model ${KISYS3DMOD}/Resistor_SMD.3dshapes/R_0805_2012Metric.wrl
      (at (xyz 0 0 0))
      (scale (xyz 1 1 1))
      (rotate (xyz 0 0 0))
    )
  )

  (module Resistor_SMD:R_0805_2012Metric (layer F.Cu) (tedit 5B36C52B) (tstamp 5C7CB8C0)
    (at 121.92 75.565 180)
    (descr "Resistor SMD 0805 (2012 Metric), square (rectangular) end terminal, IPC_7351 nominal, (Body size source: https://docs.google.com/spreadsheets/d/1BsfQQcO9C6DZCsRaXUlFlo91Tg2WpOkGARC1WS5S8t0/edit?usp=sharing), generated with kicad-footprint-generator")
    (tags resistor)
    (path /5C6F3C5B)
    (attr smd)
    (fp_text reference R6 (at 0 -1.65 180) (layer F.SilkS)
      (effects (font (size 1 1) (thickness 0.15)))
    )
    (fp_text value 1k (at 0 1.65 180) (layer F.Fab)
      (effects (font (size 1 1) (thickness 0.15)))
    )
    (fp_text user %R (at 0 0 180) (layer F.Fab)
      (effects (font (size 0.5 0.5) (thickness 0.08)))
    )
    (fp_line (start 1.68 0.95) (end -1.68 0.95) (layer F.CrtYd) (width 0.05))
    (fp_line (start 1.68 -0.95) (end 1.68 0.95) (layer F.CrtYd) (width 0.05))
    (fp_line (start -1.68 -0.95) (end 1.68 -0.95) (layer F.CrtYd) (width 0.05))
    (fp_line (start -1.68 0.95) (end -1.68 -0.95) (layer F.CrtYd) (width 0.05))
    (fp_line (start -0.258578 0.71) (end 0.258578 0.71) (layer F.SilkS) (width 0.12))
    (fp_line (start -0.258578 -0.71) (end 0.258578 -0.71) (layer F.SilkS) (width 0.12))
    (fp_line (start 1 0.6) (end -1 0.6) (layer F.Fab) (width 0.1))
    (fp_line (start 1 -0.6) (end 1 0.6) (layer F.Fab) (width 0.1))
    (fp_line (start -1 -0.6) (end 1 -0.6) (layer F.Fab) (width 0.1))
    (fp_line (start -1 0.6) (end -1 -0.6) (layer F.Fab) (width 0.1))
    (pad 2 smd roundrect (at 0.9375 0 180) (size 0.975 1.4) (layers F.Cu F.Paste F.Mask) (roundrect_rratio 0.25)
      (net 7 "Net-(R4-Pad1)"))
    (pad 1 smd roundrect (at -0.9375 0 180) (size 0.975 1.4) (layers F.Cu F.Paste F.Mask) (roundrect_rratio 0.25)
      (net 9 "Net-(R6-Pad1)"))
    (model ${KISYS3DMOD}/Resistor_SMD.3dshapes/R_0805_2012Metric.wrl
      (at (xyz 0 0 0))
      (scale (xyz 1 1 1))
      (rotate (xyz 0 0 0))
    )
  )

  (module Resistor_SMD:R_0805_2012Metric (layer F.Cu) (tedit 5B36C52B) (tstamp 5C7CB8D1)
    (at 125.73 88.265 180)
    (descr "Resistor SMD 0805 (2012 Metric), square (rectangular) end terminal, IPC_7351 nominal, (Body size source: https://docs.google.com/spreadsheets/d/1BsfQQcO9C6DZCsRaXUlFlo91Tg2WpOkGARC1WS5S8t0/edit?usp=sharing), generated with kicad-footprint-generator")
    (tags resistor)
    (path /5C6F3A18)
    (attr smd)
    (fp_text reference R7 (at 0 -1.65 180) (layer F.SilkS)
      (effects (font (size 1 1) (thickness 0.15)))
    )
    (fp_text value 1k (at 0 1.65 180) (layer F.Fab)
      (effects (font (size 1 1) (thickness 0.15)))
    )
    (fp_text user %R (at 0 0 180) (layer F.Fab)
      (effects (font (size 0.5 0.5) (thickness 0.08)))
    )
    (fp_line (start 1.68 0.95) (end -1.68 0.95) (layer F.CrtYd) (width 0.05))
    (fp_line (start 1.68 -0.95) (end 1.68 0.95) (layer F.CrtYd) (width 0.05))
    (fp_line (start -1.68 -0.95) (end 1.68 -0.95) (layer F.CrtYd) (width 0.05))
    (fp_line (start -1.68 0.95) (end -1.68 -0.95) (layer F.CrtYd) (width 0.05))
    (fp_line (start -0.258578 0.71) (end 0.258578 0.71) (layer F.SilkS) (width 0.12))
    (fp_line (start -0.258578 -0.71) (end 0.258578 -0.71) (layer F.SilkS) (width 0.12))
    (fp_line (start 1 0.6) (end -1 0.6) (layer F.Fab) (width 0.1))
    (fp_line (start 1 -0.6) (end 1 0.6) (layer F.Fab) (width 0.1))
    (fp_line (start -1 -0.6) (end 1 -0.6) (layer F.Fab) (width 0.1))
    (fp_line (start -1 0.6) (end -1 -0.6) (layer F.Fab) (width 0.1))
    (pad 2 smd roundrect (at 0.9375 0 180) (size 0.975 1.4) (layers F.Cu F.Paste F.Mask) (roundrect_rratio 0.25)
      (net 8 "Net-(R5-Pad1)"))
    (pad 1 smd roundrect (at -0.9375 0 180) (size 0.975 1.4) (layers F.Cu F.Paste F.Mask) (roundrect_rratio 0.25)
      (net 10 "Net-(R7-Pad1)"))
    (model ${KISYS3DMOD}/Resistor_SMD.3dshapes/R_0805_2012Metric.wrl
      (at (xyz 0 0 0))
      (scale (xyz 1 1 1))
      (rotate (xyz 0 0 0))
    )
  )

  (module Resistor_SMD:R_0805_2012Metric (layer F.Cu) (tedit 5B36C52B) (tstamp 5C7CB8E2)
    (at 125.73 75.565 180)
    (descr "Resistor SMD 0805 (2012 Metric), square (rectangular) end terminal, IPC_7351 nominal, (Body size source: https://docs.google.com/spreadsheets/d/1BsfQQcO9C6DZCsRaXUlFlo91Tg2WpOkGARC1WS5S8t0/edit?usp=sharing), generated with kicad-footprint-generator")
    (tags resistor)
    (path /5C6F3C62)
    (attr smd)
    (fp_text reference R8 (at 0 -1.65 180) (layer F.SilkS)
      (effects (font (size 1 1) (thickness 0.15)))
    )
    (fp_text value 1k (at 0 1.65 180) (layer F.Fab)
      (effects (font (size 1 1) (thickness 0.15)))
    )
    (fp_line (start -1 0.6) (end -1 -0.6) (layer F.Fab) (width 0.1))
    (fp_line (start -1 -0.6) (end 1 -0.6) (layer F.Fab) (width 0.1))
    (fp_line (start 1 -0.6) (end 1 0.6) (layer F.Fab) (width 0.1))
    (fp_line (start 1 0.6) (end -1 0.6) (layer F.Fab) (width 0.1))
    (fp_line (start -0.258578 -0.71) (end 0.258578 -0.71) (layer F.SilkS) (width 0.12))
    (fp_line (start -0.258578 0.71) (end 0.258578 0.71) (layer F.SilkS) (width 0.12))
    (fp_line (start -1.68 0.95) (end -1.68 -0.95) (layer F.CrtYd) (width 0.05))
    (fp_line (start -1.68 -0.95) (end 1.68 -0.95) (layer F.CrtYd) (width 0.05))
    (fp_line (start 1.68 -0.95) (end 1.68 0.95) (layer F.CrtYd) (width 0.05))
    (fp_line (start 1.68 0.95) (end -1.68 0.95) (layer F.CrtYd) (width 0.05))
    (fp_text user %R (at 0 0 180) (layer F.Fab)
      (effects (font (size 0.5 0.5) (thickness 0.08)))
    )
    (pad 1 smd roundrect (at -0.9375 0 180) (size 0.975 1.4) (layers F.Cu F.Paste F.Mask) (roundrect_rratio 0.25)
      (net 11 "Net-(R10-Pad2)"))
    (pad 2 smd roundrect (at 0.9375 0 180) (size 0.975 1.4) (layers F.Cu F.Paste F.Mask) (roundrect_rratio 0.25)
      (net 9 "Net-(R6-Pad1)"))
    (model ${KISYS3DMOD}/Resistor_SMD.3dshapes/R_0805_2012Metric.wrl
      (at (xyz 0 0 0))
      (scale (xyz 1 1 1))
      (rotate (xyz 0 0 0))
    )
  )

  (module Resistor_SMD:R_0805_2012Metric (layer F.Cu) (tedit 5B36C52B) (tstamp 5C7CB8F3)
    (at 129.54 88.265 180)
    (descr "Resistor SMD 0805 (2012 Metric), square (rectangular) end terminal, IPC_7351 nominal, (Body size source: https://docs.google.com/spreadsheets/d/1BsfQQcO9C6DZCsRaXUlFlo91Tg2WpOkGARC1WS5S8t0/edit?usp=sharing), generated with kicad-footprint-generator")
    (tags resistor)
    (path /5C6F3A3C)
    (attr smd)
    (fp_text reference R9 (at 0 -1.65 180) (layer F.SilkS)
      (effects (font (size 1 1) (thickness 0.15)))
    )
    (fp_text value 1k (at 0 1.65 180) (layer F.Fab)
      (effects (font (size 1 1) (thickness 0.15)))
    )
    (fp_line (start -1 0.6) (end -1 -0.6) (layer F.Fab) (width 0.1))
    (fp_line (start -1 -0.6) (end 1 -0.6) (layer F.Fab) (width 0.1))
    (fp_line (start 1 -0.6) (end 1 0.6) (layer F.Fab) (width 0.1))
    (fp_line (start 1 0.6) (end -1 0.6) (layer F.Fab) (width 0.1))
    (fp_line (start -0.258578 -0.71) (end 0.258578 -0.71) (layer F.SilkS) (width 0.12))
    (fp_line (start -0.258578 0.71) (end 0.258578 0.71) (layer F.SilkS) (width 0.12))
    (fp_line (start -1.68 0.95) (end -1.68 -0.95) (layer F.CrtYd) (width 0.05))
    (fp_line (start -1.68 -0.95) (end 1.68 -0.95) (layer F.CrtYd) (width 0.05))
    (fp_line (start 1.68 -0.95) (end 1.68 0.95) (layer F.CrtYd) (width 0.05))
    (fp_line (start 1.68 0.95) (end -1.68 0.95) (layer F.CrtYd) (width 0.05))
    (fp_text user %R (at 0 0 180) (layer F.Fab)
      (effects (font (size 0.5 0.5) (thickness 0.08)))
    )
    (pad 1 smd roundrect (at -0.9375 0 180) (size 0.975 1.4) (layers F.Cu F.Paste F.Mask) (roundrect_rratio 0.25)
      (net 2 "Net-(D1-Pad2)"))
    (pad 2 smd roundrect (at 0.9375 0 180) (size 0.975 1.4) (layers F.Cu F.Paste F.Mask) (roundrect_rratio 0.25)
      (net 10 "Net-(R7-Pad1)"))
    (model ${KISYS3DMOD}/Resistor_SMD.3dshapes/R_0805_2012Metric.wrl
      (at (xyz 0 0 0))
      (scale (xyz 1 1 1))
      (rotate (xyz 0 0 0))
    )
  )

  (module Resistor_SMD:R_0805_2012Metric (layer F.Cu) (tedit 5B36C52B) (tstamp 5C7CB904)
    (at 129.54 75.565 180)
    (descr "Resistor SMD 0805 (2012 Metric), square (rectangular) end terminal, IPC_7351 nominal, (Body size source: https://docs.google.com/spreadsheets/d/1BsfQQcO9C6DZCsRaXUlFlo91Tg2WpOkGARC1WS5S8t0/edit?usp=sharing), generated with kicad-footprint-generator")
    (tags resistor)
    (path /5C6F3C69)
    (attr smd)
    (fp_text reference R10 (at 0 -1.65 180) (layer F.SilkS)
      (effects (font (size 1 1) (thickness 0.15)))
    )
    (fp_text value 1k (at 0 1.65 180) (layer F.Fab)
      (effects (font (size 1 1) (thickness 0.15)))
    )
    (fp_text user %R (at 0 0 180) (layer F.Fab)
      (effects (font (size 0.5 0.5) (thickness 0.08)))
    )
    (fp_line (start 1.68 0.95) (end -1.68 0.95) (layer F.CrtYd) (width 0.05))
    (fp_line (start 1.68 -0.95) (end 1.68 0.95) (layer F.CrtYd) (width 0.05))
    (fp_line (start -1.68 -0.95) (end 1.68 -0.95) (layer F.CrtYd) (width 0.05))
    (fp_line (start -1.68 0.95) (end -1.68 -0.95) (layer F.CrtYd) (width 0.05))
    (fp_line (start -0.258578 0.71) (end 0.258578 0.71) (layer F.SilkS) (width 0.12))
    (fp_line (start -0.258578 -0.71) (end 0.258578 -0.71) (layer F.SilkS) (width 0.12))
    (fp_line (start 1 0.6) (end -1 0.6) (layer F.Fab) (width 0.1))
    (fp_line (start 1 -0.6) (end 1 0.6) (layer F.Fab) (width 0.1))
    (fp_line (start -1 -0.6) (end 1 -0.6) (layer F.Fab) (width 0.1))
    (fp_line (start -1 0.6) (end -1 -0.6) (layer F.Fab) (width 0.1))
    (pad 2 smd roundrect (at 0.9375 0 180) (size 0.975 1.4) (layers F.Cu F.Paste F.Mask) (roundrect_rratio 0.25)
      (net 11 "Net-(R10-Pad2)"))
    (pad 1 smd roundrect (at -0.9375 0 180) (size 0.975 1.4) (layers F.Cu F.Paste F.Mask) (roundrect_rratio 0.25)
      (net 1 "Net-(D1-Pad1)"))
    (model ${KISYS3DMOD}/Resistor_SMD.3dshapes/R_0805_2012Metric.wrl
      (at (xyz 0 0 0))
      (scale (xyz 1 1 1))
      (rotate (xyz 0 0 0))
    )
  )

  (module MountingHole:MountingHole_3.2mm_M3_DIN965 (layer F.Cu) (tedit 5C809449) (tstamp 5C8E45DB)
    (at 112.395 81.445)
    (descr "Mounting Hole 3.2mm, no annular, M3, DIN965")
    (tags "mounting hole 3.2mm no annular m3 din965")
    (attr virtual)
    (fp_text reference M3 (at 3.937 0) (layer F.SilkS)
      (effects (font (size 1 1) (thickness 0.15)))
    )
    (fp_text value MountingHole_3.2mm_M3_DIN965 (at 0 3.8) (layer F.Fab)
      (effects (font (size 1 1) (thickness 0.15)))
    )
    (fp_circle (center 0 0) (end 3.05 0) (layer F.CrtYd) (width 0.05))
    (fp_circle (center 0 0) (end 2.8 0) (layer Cmts.User) (width 0.15))
    (fp_text user %R (at 0.3 0) (layer F.Fab)
      (effects (font (size 1 1) (thickness 0.15)))
    )
    (pad 1 np_thru_hole circle (at 0 0) (size 3.2 3.2) (drill 3.2) (layers *.Cu *.Mask))
  )

  (module AERO_Logos:AERO_Logo_15x6mm (layer B.Cu) (tedit 0) (tstamp 5C8E5448)
    (at 122.936 77.381 180)
    (fp_text reference G*** (at 0 0 180) (layer B.SilkS) hide
      (effects (font (size 1.524 1.524) (thickness 0.3)) (justify mirror))
    )
    (fp_text value LOGO (at 0.75 0 180) (layer B.SilkS) hide
      (effects (font (size 1.524 1.524) (thickness 0.3)) (justify mirror))
    )
    (fp_poly (pts (xy 6.892292 2.256606) (xy 7.522038 1.627588) (xy 7.522038 -1.522592) (xy 6.209332 -2.833934)
      (xy 5.038016 -1.661096) (xy 5.038016 -1.378625) (xy 5.912672 -1.378625) (xy 6.024987 -1.494504)
      (xy 6.137301 -1.610384) (xy 6.374849 -1.374656) (xy 6.612397 -1.138929) (xy 6.612397 1.208337)
      (xy 6.262534 1.556887) (xy 5.912672 1.905436) (xy 5.912672 -1.378625) (xy 5.038016 -1.378625)
      (xy 5.038016 1.662595) (xy 5.650281 2.27411) (xy 6.262545 2.885624) (xy 6.892292 2.256606)) (layer B.SilkS) (width 0.01))
    (fp_poly (pts (xy 4.085094 2.369879) (xy 4.583195 1.870887) (xy 4.583195 0.963505) (xy 3.972357 0.349823)
      (xy 4.295269 0.025563) (xy 4.618182 -0.298698) (xy 4.618182 -1.659646) (xy 4.801166 -1.844931)
      (xy 4.984149 -2.030217) (xy 4.180096 -2.83427) (xy 3.395312 -2.046694) (xy 3.567904 -1.85427)
      (xy 3.740497 -1.661846) (xy 3.742011 -1.206428) (xy 3.743526 -0.751011) (xy 3.358678 -0.367356)
      (xy 2.973829 0.0163) (xy 2.973829 -1.699463) (xy 3.149146 -1.872144) (xy 3.324464 -2.044825)
      (xy 2.931053 -2.439355) (xy 2.796179 -2.57326) (xy 2.678343 -2.687693) (xy 2.586396 -2.774262)
      (xy 2.529184 -2.824577) (xy 2.515023 -2.833884) (xy 2.484378 -2.809858) (xy 2.414426 -2.743504)
      (xy 2.313856 -2.643412) (xy 2.191358 -2.518171) (xy 2.10951 -2.433024) (xy 1.726618 -2.032164)
      (xy 1.912896 -1.8482) (xy 2.099173 -1.664236) (xy 2.099173 0.472657) (xy 2.903857 0.472657)
      (xy 3.349759 0.91856) (xy 3.795662 1.364463) (xy 2.903857 2.256268) (xy 2.903857 0.472657)
      (xy 2.099173 0.472657) (xy 2.099173 1.764775) (xy 1.898879 1.967182) (xy 1.698585 2.169588)
      (xy 2.046914 2.519229) (xy 2.395244 2.86887) (xy 3.586993 2.86887) (xy 4.085094 2.369879)) (layer B.SilkS) (width 0.01))
    (fp_poly (pts (xy -2.126864 2.214321) (xy -1.487961 1.574717) (xy -1.819235 1.24206) (xy -2.150508 0.909403)
      (xy -2.632141 1.390114) (xy -3.113774 1.870826) (xy -3.113774 0.416909) (xy -2.449463 0.427118)
      (xy -1.785151 0.437328) (xy -2.212781 0.008746) (xy -2.64041 -0.419835) (xy -3.113774 -0.419835)
      (xy -3.113774 -1.430874) (xy -2.989067 -1.525994) (xy -2.864359 -1.621113) (xy -2.507589 -1.265558)
      (xy -2.15082 -0.910002) (xy -1.835197 -1.225625) (xy -1.519575 -1.541248) (xy -2.169155 -2.187566)
      (xy -2.34366 -2.360587) (xy -2.501708 -2.516125) (xy -2.636615 -2.647697) (xy -2.741696 -2.748821)
      (xy -2.810268 -2.813012) (xy -2.835454 -2.833884) (xy -2.863865 -2.810205) (xy -2.934415 -2.7438)
      (xy -3.039961 -2.641616) (xy -3.173361 -2.510602) (xy -3.327474 -2.357704) (xy -3.420301 -2.264972)
      (xy -3.98843 -1.69606) (xy -3.98843 1.624396) (xy -3.377098 2.23916) (xy -2.765766 2.853925)
      (xy -2.126864 2.214321)) (layer B.SilkS) (width 0.01))
    (fp_poly (pts (xy -5.221339 2.265012) (xy -4.618182 1.661116) (xy -4.618182 -1.659646) (xy -4.435198 -1.844931)
      (xy -4.252214 -2.030217) (xy -4.654241 -2.432243) (xy -5.056267 -2.83427) (xy -5.457346 -2.43205)
      (xy -5.858424 -2.02983) (xy -5.492838 -1.659646) (xy -5.492838 -0.944628) (xy -6.262535 -0.944628)
      (xy -6.262535 -1.659646) (xy -6.079551 -1.844931) (xy -5.896567 -2.030217) (xy -6.70062 -2.83427)
      (xy -7.502776 -2.02983) (xy -7.319984 -1.844738) (xy -7.13719 -1.659646) (xy -7.13719 -0.034986)
      (xy -6.262535 -0.034986) (xy -5.492838 -0.034986) (xy -5.492838 1.10401) (xy -5.875913 1.50538)
      (xy -6.258989 1.906749) (xy -6.260762 0.935881) (xy -6.262535 -0.034986) (xy -7.13719 -0.034986)
      (xy -7.13719 1.557578) (xy -6.480843 2.213243) (xy -5.824495 2.868909) (xy -5.221339 2.265012)) (layer B.SilkS) (width 0.01))
    (fp_poly (pts (xy 0.892149 2.064187) (xy 0.53294 1.084573) (xy 1.076576 1.084573) (xy 1.281642 1.084154)
      (xy 1.425832 1.082139) (xy 1.518241 1.077389) (xy 1.567965 1.068766) (xy 1.5841 1.055131)
      (xy 1.575739 1.035346) (xy 1.565711 1.023347) (xy 1.537708 0.986527) (xy 1.472995 0.898463)
      (xy 1.375622 0.764785) (xy 1.24964 0.591123) (xy 1.0991 0.383107) (xy 0.928052 0.146367)
      (xy 0.740547 -0.113466) (xy 0.540636 -0.390763) (xy 0.33237 -0.679893) (xy 0.1198 -0.975227)
      (xy -0.093025 -1.271134) (xy -0.302053 -1.561985) (xy -0.503233 -1.842148) (xy -0.692515 -2.105995)
      (xy -0.865847 -2.347895) (xy -1.019181 -2.562217) (xy -1.148463 -2.743333) (xy -1.249645 -2.885611)
      (xy -1.318674 -2.983422) (xy -1.351501 -3.031136) (xy -1.35222 -3.032265) (xy -1.349457 -3.013674)
      (xy -1.325691 -2.935209) (xy -1.282989 -2.803056) (xy -1.223417 -2.623402) (xy -1.149041 -2.402431)
      (xy -1.061928 -2.146332) (xy -0.964145 -1.861288) (xy -0.871159 -1.592142) (xy -0.764276 -1.283551)
      (xy -0.664769 -0.995885) (xy -0.574915 -0.735757) (xy -0.496994 -0.509778) (xy -0.433282 -0.32456)
      (xy -0.386058 -0.186716) (xy -0.357599 -0.102858) (xy -0.349862 -0.078987) (xy -0.382823 -0.075836)
      (xy -0.473606 -0.073166) (xy -0.610059 -0.071186) (xy -0.780034 -0.070108) (xy -0.869786 -0.069973)
      (xy -1.389709 -0.069973) (xy -0.998949 0.81343) (xy -0.875406 1.092997) (xy -0.742067 1.395195)
      (xy -0.60729 1.701053) (xy -0.479431 1.9916) (xy -0.366846 2.247865) (xy -0.313152 2.370317)
      (xy -0.018117 3.043801) (xy 1.251357 3.043801) (xy 0.892149 2.064187)) (layer B.SilkS) (width 0.01))
  )

  (module Connector_TE-Connectivity:TE_MATE-N-LOK_1-770866-x_1x02_P4.14mm_Vertical (layer B.Cu) (tedit 5A2930A5) (tstamp 5C8185E9)
    (at 104.14 87.63 90)
    (descr "Molex Mini-Universal MATE-N-LOK, old mpn/engineering number: 1-770866-x, 2 Pins per row (http://www.te.com/commerce/DocumentDelivery/DDEController?Action=srchrtrv&DocNm=82181_SOFTSHELL_HIGH_DENSITY&DocType=CS&DocLang=EN), generated with kicad-footprint-generator")
    (tags "connector TE MATE-N-LOK side entry")
    (path /5C809112)
    (fp_text reference J1 (at 3.645 -6.096 180) (layer B.SilkS)
      (effects (font (size 1 1) (thickness 0.15)) (justify mirror))
    )
    (fp_text value Conn_01x02 (at 0 -11.37 90) (layer B.Fab)
      (effects (font (size 1 1) (thickness 0.15)) (justify mirror))
    )
    (fp_arc (start 0 -8.58) (end 1.733977 -7.645) (angle -58.704676) (layer B.Fab) (width 0.1))
    (fp_arc (start 0 -8.58) (end -1.733977 -7.645) (angle 58.704676) (layer B.Fab) (width 0.1))
    (fp_line (start -2.79 2.845) (end -2.79 -6.985) (layer B.Fab) (width 0.1))
    (fp_line (start -2.79 -6.985) (end 2.79 -6.985) (layer B.Fab) (width 0.1))
    (fp_line (start 2.79 -6.985) (end 2.79 2.845) (layer B.Fab) (width 0.1))
    (fp_line (start 2.79 2.845) (end -2.79 2.845) (layer B.Fab) (width 0.1))
    (fp_line (start 0 2.955) (end -2.9 2.955) (layer B.SilkS) (width 0.12))
    (fp_line (start -2.9 2.955) (end -2.9 -7.095) (layer B.SilkS) (width 0.12))
    (fp_line (start -2.9 -7.095) (end -1.103302 -7.095) (layer B.SilkS) (width 0.12))
    (fp_line (start 0 2.955) (end 2.9 2.955) (layer B.SilkS) (width 0.12))
    (fp_line (start 2.9 2.955) (end 2.9 -7.095) (layer B.SilkS) (width 0.12))
    (fp_line (start 2.9 -7.095) (end 1.103302 -7.095) (layer B.SilkS) (width 0.12))
    (fp_line (start -1.5 2.845) (end -1.5 4.145) (layer B.Fab) (width 0.1))
    (fp_line (start -1.5 4.145) (end 1.5 4.145) (layer B.Fab) (width 0.1))
    (fp_line (start 1.5 4.145) (end 1.5 2.845) (layer B.Fab) (width 0.1))
    (fp_line (start -1.61 2.955) (end -1.61 4.255) (layer B.SilkS) (width 0.12))
    (fp_line (start -1.61 4.255) (end 1.61 4.255) (layer B.SilkS) (width 0.12))
    (fp_line (start 1.61 4.255) (end 1.61 2.955) (layer B.SilkS) (width 0.12))
    (fp_line (start -2.79 2.845) (end -3.55 2.845) (layer B.Fab) (width 0.1))
    (fp_line (start -3.55 2.845) (end -3.55 1.705) (layer B.Fab) (width 0.1))
    (fp_line (start -3.55 1.705) (end -2.79 1.705) (layer B.Fab) (width 0.1))
    (fp_line (start -2.9 2.955) (end -3.66 2.955) (layer B.SilkS) (width 0.12))
    (fp_line (start -3.66 2.955) (end -3.66 1.595) (layer B.SilkS) (width 0.12))
    (fp_line (start -3.66 1.595) (end -2.9 1.595) (layer B.SilkS) (width 0.12))
    (fp_line (start -2.79 -1.5) (end -3.55 -1.5) (layer B.Fab) (width 0.1))
    (fp_line (start -3.55 -1.5) (end -3.55 -2.64) (layer B.Fab) (width 0.1))
    (fp_line (start -3.55 -2.64) (end -2.79 -2.64) (layer B.Fab) (width 0.1))
    (fp_line (start -2.9 -1.39) (end -3.66 -1.39) (layer B.SilkS) (width 0.12))
    (fp_line (start -3.66 -1.39) (end -3.66 -2.75) (layer B.SilkS) (width 0.12))
    (fp_line (start -3.66 -2.75) (end -2.9 -2.75) (layer B.SilkS) (width 0.12))
    (fp_line (start -2.79 -5.64) (end -3.55 -5.64) (layer B.Fab) (width 0.1))
    (fp_line (start -3.55 -5.64) (end -3.55 -6.78) (layer B.Fab) (width 0.1))
